Accuracy: 0.20272
Precision: 0.04
Recall: 0.008108800000000001
F1-score: 0.01348410270054543
